@relation 'AT: Advertisment-weka.filters.unsupervised.attribute.ReplaceMissingValues-weka.filters.unsupervised.attribute.NominalToBinary-Rfirst-last-weka.filters.unsupervised.attribute.Remove-R8,15-weka.filters.unsupervised.attribute.Standardize_principal components'

@attribute '0.437ads+0.41 ad+0.356content+0.356uploads+0.338cdn...' numeric
@attribute -0.443google-0.431frameOrimage-0.425iframe+0.341content+0.341uploads... numeric
@attribute -0.579aswift+0.463width+0.384height+0.261image-0.235frameOrimage... numeric
@attribute '0.848doubleclick-0.35news-0.229image+0.169width+0.16 frameOrimage...' numeric
@attribute -0.576image+0.406aswift+0.405width+0.366height-0.343doubleclick... numeric
@attribute 0.699image+0.586aswift+0.232width-0.196news+0.149ads... numeric
@attribute '0.837news+0.318aswift+0.29 doubleclick+0.274height-0.134google...' numeric
@attribute 0.659frameOrimage+0.572height-0.27width-0.178iframe+0.169image... numeric
@attribute -0.543ad+0.503google+0.367width+0.335cdn-0.279height... numeric
@attribute targetvalue {AD,NonAD}

@data
2.310774,-0.990327,-1.174592,0.888428,1.651233,-1.887297,-0.068701,-0.20545,-0.018862,NonAD
-4.75591,-2.36224,1.635846,0.439014,1.404881,0.20564,0.544894,0.638229,-0.15908,NonAD
-3.304664,-2.888245,-0.427563,-0.126832,-0.487483,-0.143211,-0.288237,-0.43109,-0.129018,NonAD
1.799811,-0.734929,-0.281634,0.066924,-0.432893,0.604101,-0.090847,0.344253,0.086348,NonAD
1.750734,-0.715828,-0.206544,0.090672,-0.365491,0.628369,-0.072749,0.344669,0.11344,NonAD
-3.304664,-2.888245,-0.427563,-0.126832,-0.487483,-0.143211,-0.288237,-0.43109,-0.129018,NonAD
-4.75591,-2.36224,1.635846,0.439014,1.404881,0.20564,0.544894,0.638229,-0.15908,NonAD
2.374925,-1.017622,-1.282149,0.849218,1.557095,-1.9411,-0.074514,-0.1427,-0.104049,NonAD
1.718016,-0.703093,-0.156484,0.106504,-0.320556,0.644548,-0.060684,0.344946,0.131502,NonAD
1.9387,-0.792245,-0.507303,-0.011718,-0.632088,0.504509,-0.117083,0.431686,-0.060007,NonAD
-3.017702,-2.995749,-0.849696,-0.250988,-0.870732,-0.245361,-0.426173,-0.547453,-0.197841,NonAD
1.814325,-0.747867,-0.333305,0.034309,-0.471731,0.527735,-0.040291,0.542451,-0.07762,NonAD
1.920331,-0.784785,-0.477944,-0.00174,-0.606056,0.516536,-0.112688,0.423403,-0.04323,NonAD
2.374925,-1.017622,-1.282149,0.849218,1.557095,-1.9411,-0.074514,-0.1427,-0.104049,NonAD
1.684575,-0.709153,-0.18243,0.055711,-0.324104,0.480013,0.097959,0.864241,-0.258175,NonAD
1.893386,-0.775693,-0.442359,0.006398,-0.572669,0.516611,-0.092046,0.461608,-0.058219,NonAD
-3.304664,-2.888245,-0.427563,-0.126832,-0.487483,-0.143211,-0.288237,-0.43109,-0.129018,NonAD
0.891115,-0.510386,-0.57101,-0.198989,-0.357078,0.335118,-0.091565,0.467875,1.175178,NonAD
0.891115,-0.510386,-0.57101,-0.198989,-0.357078,0.335118,-0.091565,0.467875,1.175178,NonAD
2.374925,-1.017622,-1.282149,0.849218,1.557095,-1.9411,-0.074514,-0.1427,-0.104049,NonAD
-3.017702,-2.995749,-0.849696,-0.250988,-0.870732,-0.245361,-0.426173,-0.547453,-0.197841,NonAD
1.737379,-0.722959,-0.235951,0.053846,-0.379127,0.51794,0.026743,0.68024,-0.142984,NonAD
1.056794,0.373858,1.139962,0.034756,0.389737,0.72452,0.298737,-0.872379,-0.033362,NonAD
1.814325,-0.747867,-0.333305,0.034309,-0.471731,0.527735,-0.040291,0.542451,-0.07762,NonAD
1.964384,-0.801156,-0.542212,-0.020335,-0.664546,0.502113,-0.13488,0.401931,-0.050958,NonAD
1.718016,-0.703093,-0.156484,0.106504,-0.320556,0.644548,-0.060684,0.344946,0.131502,NonAD
2.310774,-0.990327,-1.174592,0.888428,1.651233,-1.887297,-0.068701,-0.20545,-0.018862,NonAD
1.703643,-0.699825,-0.143898,0.105291,-0.306851,0.629573,-0.037542,0.408362,0.089663,NonAD
-3.083511,-2.980681,-0.791636,-0.256171,-0.807702,-0.312923,-0.321017,-0.259962,-0.387148,NonAD
-2.29154,-2.000737,-0.551564,-0.151697,-0.478779,-0.073007,-0.206618,-0.118034,0.79351,NonAD
1.750734,-0.715828,-0.206544,0.090672,-0.365491,0.628369,-0.072749,0.344669,0.11344,NonAD
1.718016,-0.703093,-0.156484,0.106504,-0.320556,0.644548,-0.060684,0.344946,0.131502,NonAD
-2.29154,-2.000737,-0.551564,-0.151697,-0.478779,-0.073007,-0.206618,-0.118034,0.79351,NonAD
2.374925,-1.017622,-1.282149,0.849218,1.557095,-1.9411,-0.074514,-0.1427,-0.104049,NonAD
-2.29154,-2.000737,-0.551564,-0.151697,-0.478779,-0.073007,-0.206618,-0.118034,0.79351,NonAD
-3.341402,-2.873326,-0.368845,-0.106877,-0.435418,-0.119156,-0.279448,-0.447657,-0.095464,NonAD
-4.75591,-2.36224,1.635846,0.439014,1.404881,0.20564,0.544894,0.638229,-0.15908,NonAD
1.799811,-0.734929,-0.281634,0.066924,-0.432893,0.604101,-0.090847,0.344253,0.086348,NonAD
1.964384,-0.801156,-0.542212,-0.020335,-0.664546,0.502113,-0.13488,0.401931,-0.050958,NonAD
1.814325,-0.747867,-0.333305,0.034309,-0.471731,0.527735,-0.040291,0.542451,-0.07762,NonAD
0.891115,-0.510386,-0.57101,-0.198989,-0.357078,0.335118,-0.091565,0.467875,1.175178,NonAD
-4.75591,-2.36224,1.635846,0.439014,1.404881,0.20564,0.544894,0.638229,-0.15908,NonAD
2.374925,-1.017622,-1.282149,0.849218,1.557095,-1.9411,-0.074514,-0.1427,-0.104049,NonAD
1.684575,-0.709153,-0.18243,0.055711,-0.324104,0.480013,0.097959,0.864241,-0.258175,NonAD
-3.341402,-2.873326,-0.368845,-0.106877,-0.435418,-0.119156,-0.279448,-0.447657,-0.095464,NonAD
1.814325,-0.747867,-0.333305,0.034309,-0.471731,0.527735,-0.040291,0.542451,-0.07762,NonAD
1.967784,-0.802246,-0.546474,-0.021163,-0.668613,0.50264,-0.137919,0.395573,-0.047858,NonAD
1.945116,-0.794974,-0.518059,-0.015639,-0.641502,0.499128,-0.117664,0.437961,-0.068525,NonAD
2.420905,-1.031254,-1.33526,0.841942,1.505007,-1.923353,-0.124182,-0.259129,-0.038182,NonAD
-0.67136,2.538533,-2.009324,-0.440505,-1.784888,-0.74552,0.440913,-0.43288,0.086091,AD
-2.517771,3.215708,0.648042,0.307302,0.643353,-0.226294,1.439985,0.711524,0.217767,AD
-1.544854,2.874715,-0.688212,-0.031169,-0.595097,-0.34966,0.792161,-0.322091,0.486998,AD
1.170138,0.337496,0.997888,0.007136,0.254183,0.742079,0.197465,-1.084321,0.069978,AD
-3.083511,-2.980681,-0.791636,-0.256171,-0.807702,-0.312923,-0.321017,-0.259962,-0.387148,AD
-1.542715,2.873805,-0.691797,-0.032476,-0.598235,-0.351454,0.791967,-0.32,0.484159,AD
-1.685688,2.883858,-0.657356,-0.123378,-0.520134,-0.713557,1.194412,0.921776,-0.412463,AD
1.235989,0.297697,0.839861,-0.074474,0.126998,0.575028,0.281855,-0.699385,-0.269518,AD
0.935349,-0.393811,1.059826,0.501566,0.766415,1.075725,0.192241,0.224996,0.66311,AD
1.170138,0.337496,0.997888,0.007136,0.254183,0.742079,0.197465,-1.084321,0.069978,AD
0.52415,-0.375521,-0.04174,-0.049383,0.126249,0.440971,0.104847,0.687697,1.207341,AD
-1.685688,2.883858,-0.657356,-0.123378,-0.520134,-0.713557,1.194412,0.921776,-0.412463,AD
2.180312,-0.958547,-1.051779,0.884854,1.781134,-2.00312,0.125125,0.312557,-0.353321,AD
-1.542715,2.873805,-0.691797,-0.032476,-0.598235,-0.351454,0.791967,-0.32,0.484159,AD
-1.542715,2.873805,-0.691797,-0.032476,-0.598235,-0.351454,0.791967,-0.32,0.484159,AD
-0.672249,0.762775,0.28479,-0.322502,0.054329,0.128367,0.24448,-0.73235,1.153661,AD
-0.746203,2.570378,-1.883841,-0.39476,-1.67506,-0.68275,0.447695,-0.506088,0.185476,AD
1.170138,0.337496,0.997888,0.007136,0.254183,0.742079,0.197465,-1.084321,0.069978,AD
0.542408,1.40827,0.786012,-0.114847,0.248093,0.219868,1.010191,0.325488,-2.092263,AD
-0.583488,2.007744,-1.337581,-6.704833,1.52041,-0.430449,-1.549599,0.602199,-0.937645,AD
-0.834121,2.597463,-1.778162,-0.377264,-1.572818,-0.706993,0.534834,-0.311241,0.081373,AD
-2.302121,3.117428,0.260102,0.152584,0.309977,-0.469099,1.470495,1.100008,-0.208213,AD
-2.800037,3.335807,1.121293,0.479826,1.057561,0.010441,1.465563,0.435424,0.592589,AD
0.685381,1.398217,0.751571,-0.023944,0.169991,0.581971,0.607747,-0.916287,-1.195642,AD
1.170138,0.337496,0.997888,0.007136,0.254183,0.742079,0.197465,-1.084321,0.069978,AD
-0.583488,2.007744,-1.337581,-6.704833,1.52041,-0.430449,-1.549599,0.602199,-0.937645,AD
1.170138,0.337496,0.997888,0.007136,0.254183,0.742079,0.197465,-1.084321,0.069978,AD
-2.132464,4.120918,-1.201865,2.00621,0.225523,0.787254,-4.078652,0.127021,-0.400929,AD
1.170138,0.337496,0.997888,0.007136,0.254183,0.742079,0.197465,-1.084321,0.069978,AD
-2.109667,3.035542,-0.06257,0.034954,0.027562,-0.630509,1.453056,1.288257,-0.463774,AD
-2.132464,4.120918,-1.201865,2.00621,0.225523,0.787254,-4.078652,0.127021,-0.400929,AD
-1.058367,2.673656,-1.479882,-0.307686,-1.293599,-0.701363,0.702577,-0.007638,-0.032084,AD
-2.774377,3.324889,1.07827,0.464142,1.019906,-0.01108,1.463237,0.460524,0.558514,AD
1.235989,0.297697,0.839861,-0.074474,0.126998,0.575028,0.281855,-0.699385,-0.269518,AD
-2.800037,3.335807,1.121293,0.479826,1.057561,0.010441,1.465563,0.435424,0.592589,AD
0.410373,0.49223,0.432772,-0.372422,0.094744,0.287044,0.232658,-0.639762,0.823222,AD
0.685381,1.398217,0.751571,-0.023944,0.169991,0.581971,0.607747,-0.916287,-1.195642,AD
0.685381,1.398217,0.751571,-0.023944,0.169991,0.581971,0.607747,-0.916287,-1.195642,AD
1.170138,0.337496,0.997888,0.007136,0.254183,0.742079,0.197465,-1.084321,0.069978,AD
-1.542715,2.873805,-0.691797,-0.032476,-0.598235,-0.351454,0.791967,-0.32,0.484159,AD
0.685381,1.398217,0.751571,-0.023944,0.169991,0.581971,0.607747,-0.916287,-1.195642,AD
-1.542715,2.873805,-0.691797,-0.032476,-0.598235,-0.351454,0.791967,-0.32,0.484159,AD
0.184556,1.004632,0.348594,-6.277063,2.787001,0.445316,-1.807625,0.069976,0.803329,AD
1.520421,-0.628512,0.136437,0.193951,-0.055216,0.720173,0.030022,0.409916,0.190809,AD
-2.132464,4.120918,-1.201865,2.00621,0.225523,0.787254,-4.078652,0.127021,-0.400929,AD
0.770477,0.303902,-0.195604,0.551407,2.407721,-2.050472,0.246368,-1.415444,0.980003,AD
0.685381,1.398217,0.751571,-0.023944,0.169991,0.581971,0.607747,-0.916287,-1.195642,AD
0.685381,1.398217,0.751571,-0.023944,0.169991,0.581971,0.607747,-0.916287,-1.195642,AD
1.027598,-0.48384,0.699891,0.266893,0.499344,0.516343,0.573371,1.696855,-0.545863,AD
1.617589,-0.655973,0.029639,0.183299,-0.1618,0.770444,-0.085255,0.127273,0.358784,NonAD
-4.75591,-2.36224,1.635846,0.439014,1.404881,0.20564,0.544894,0.638229,-0.15908,NonAD
2.374925,-1.017622,-1.282149,0.849218,1.557095,-1.9411,-0.074514,-0.1427,-0.104049,NonAD
-2.29154,-2.000737,-0.551564,-0.151697,-0.478779,-0.073007,-0.206618,-0.118034,0.79351,NonAD
-3.304664,-2.888245,-0.427563,-0.126832,-0.487483,-0.143211,-0.288237,-0.43109,-0.129018,NonAD
1.82622,-0.746759,-0.328309,0.0487,-0.473184,0.576322,-0.08869,0.386225,0.038587,NonAD
1.750734,-0.715828,-0.206544,0.090672,-0.365491,0.628369,-0.072749,0.344669,0.11344,NonAD
-3.304664,-2.888245,-0.427563,-0.126832,-0.487483,-0.143211,-0.288237,-0.43109,-0.129018,NonAD
-3.083511,-2.980681,-0.791636,-0.256171,-0.807702,-0.312923,-0.321017,-0.259962,-0.387148,NonAD
2.310774,-0.990327,-1.174592,0.888428,1.651233,-1.887297,-0.068701,-0.20545,-0.018862,NonAD
1.780543,-0.728748,-0.257481,0.07162,-0.409849,0.601116,-0.073631,0.380283,0.06878,NonAD
2.310774,-0.990327,-1.174592,0.888428,1.651233,-1.887297,-0.068701,-0.20545,-0.018862,NonAD
1.750734,-0.715828,-0.206544,0.090672,-0.365491,0.628369,-0.072749,0.344669,0.11344,NonAD
1.945116,-0.794974,-0.518059,-0.015639,-0.641502,0.499128,-0.117664,0.437961,-0.068525,NonAD
1.750734,-0.715828,-0.206544,0.090672,-0.365491,0.628369,-0.072749,0.344669,0.11344,NonAD
1.82622,-0.746759,-0.328309,0.0487,-0.473184,0.576322,-0.08869,0.386225,0.038587,NonAD
1.814325,-0.747867,-0.333305,0.034309,-0.471731,0.527735,-0.040291,0.542451,-0.07762,NonAD
1.82622,-0.746759,-0.328309,0.0487,-0.473184,0.576322,-0.08869,0.386225,0.038587,NonAD
-3.083511,-2.980681,-0.791636,-0.256171,-0.807702,-0.312923,-0.321017,-0.259962,-0.387148,NonAD
-3.304664,-2.888245,-0.427563,-0.126832,-0.487483,-0.143211,-0.288237,-0.43109,-0.129018,NonAD
1.943982,-0.794611,-0.516638,-0.015363,-0.640147,0.498953,-0.116651,0.440081,-0.069559,NonAD
2.310774,-0.990327,-1.174592,0.888428,1.651233,-1.887297,-0.068701,-0.20545,-0.018862,NonAD
1.943982,-0.794611,-0.516638,-0.015363,-0.640147,0.498953,-0.116651,0.440081,-0.069559,NonAD
1.943982,-0.794611,-0.516638,-0.015363,-0.640147,0.498953,-0.116651,0.440081,-0.069559,NonAD
1.910855,-0.784431,-0.476924,-0.008862,-0.60169,0.489571,-0.083619,0.514205,-0.10934,NonAD
2.418312,-1.036913,-1.35825,0.819783,1.491273,-1.985372,-0.072075,-0.077665,-0.179432,NonAD
-3.304664,-2.888245,-0.427563,-0.126832,-0.487483,-0.143211,-0.288237,-0.43109,-0.129018,NonAD
-3.341402,-2.873326,-0.368845,-0.106877,-0.435418,-0.119156,-0.279448,-0.447657,-0.095464,NonAD
-3.304664,-2.888245,-0.427563,-0.126832,-0.487483,-0.143211,-0.288237,-0.43109,-0.129018,NonAD
-4.75591,-2.36224,1.635846,0.439014,1.404881,0.20564,0.544894,0.638229,-0.15908,NonAD
1.703643,-0.699825,-0.143898,0.105291,-0.306851,0.629573,-0.037542,0.408362,0.089663,NonAD
-3.304664,-2.888245,-0.427563,-0.126832,-0.487483,-0.143211,-0.288237,-0.43109,-0.129018,NonAD
1.9387,-0.792245,-0.507303,-0.011718,-0.632088,0.504509,-0.117083,0.431686,-0.060007,NonAD
1.799811,-0.734929,-0.281634,0.066924,-0.432893,0.604101,-0.090847,0.344253,0.086348,NonAD
-3.017702,-2.995749,-0.849696,-0.250988,-0.870732,-0.245361,-0.426173,-0.547453,-0.197841,NonAD
1.639574,-0.676362,-0.051826,0.131121,-0.22268,0.647269,-0.002615,0.448992,0.093509,NonAD
1.799811,-0.734929,-0.281634,0.066924,-0.432893,0.604101,-0.090847,0.344253,0.086348,NonAD
1.750734,-0.715828,-0.206544,0.090672,-0.365491,0.628369,-0.072749,0.344669,0.11344,NonAD
2.374925,-1.017622,-1.282149,0.849218,1.557095,-1.9411,-0.074514,-0.1427,-0.104049,NonAD
1.750734,-0.715828,-0.206544,0.090672,-0.365491,0.628369,-0.072749,0.344669,0.11344,NonAD
1.814325,-0.747867,-0.333305,0.034309,-0.471731,0.527735,-0.040291,0.542451,-0.07762,NonAD
-4.75591,-2.36224,1.635846,0.439014,1.404881,0.20564,0.544894,0.638229,-0.15908,NonAD
1.689775,0.128264,0.174618,-0.268815,-0.477579,0.418883,0.059376,-0.898846,-0.366201,NonAD
1.718016,-0.703093,-0.156484,0.106504,-0.320556,0.644548,-0.060684,0.344946,0.131502,NonAD
-3.017702,-2.995749,-0.849696,-0.250988,-0.870732,-0.245361,-0.426173,-0.547453,-0.197841,NonAD
-3.017702,-2.995749,-0.849696,-0.250988,-0.870732,-0.245361,-0.426173,-0.547453,-0.197841,NonAD
1.750734,-0.715828,-0.206544,0.090672,-0.365491,0.628369,-0.072749,0.344669,0.11344,NonAD
-4.75591,-2.36224,1.635846,0.439014,1.404881,0.20564,0.544894,0.638229,-0.15908,NonAD
1.838081,-0.759518,-0.37937,0.014374,-0.510592,0.49317,-0.030613,0.607653,-0.142166,NonAD
1.943982,-0.794611,-0.516638,-0.015363,-0.640147,0.498953,-0.116651,0.440081,-0.069559,NonAD
1.170138,0.337496,0.997888,0.007136,0.254183,0.742079,0.197465,-1.084321,0.069978,AD
0.685381,1.398217,0.751571,-0.023944,0.169991,0.581971,0.607747,-0.916287,-1.195642,AD
-2.510103,4.279224,-0.578301,2.228696,0.773532,1.081454,-4.026232,-0.177807,0.049771,AD
1.056794,0.373858,1.139962,0.034756,0.389737,0.72452,0.298737,-0.872379,-0.033362,AD
1.17057,-0.493894,0.66545,0.357796,0.421242,0.878446,0.170926,0.455079,0.350758,AD
-1.542715,2.873805,-0.691797,-0.032476,-0.598235,-0.351454,0.791967,-0.32,0.484159,AD
0.685381,1.398217,0.751571,-0.023944,0.169991,0.581971,0.607747,-0.916287,-1.195642,AD
1.386444,-0.605676,0.222941,0.155869,0.052765,0.508193,0.304248,1.208557,-0.362368,AD
0.714546,-1.608471,-0.104302,0.077148,-0.379121,0.435608,-0.037616,0.415792,-1.098311,AD
1.056794,0.373858,1.139962,0.034756,0.389737,0.72452,0.298737,-0.872379,-0.033362,AD
1.393153,0.516135,4.818848,-0.339302,-2.189348,-3.00042,-1.720483,-0.012996,0.401052,AD
-0.668088,2.53726,-2.01433,-0.442088,-1.789381,-0.747138,0.439707,-0.432908,0.084285,AD
1.170138,0.337496,0.997888,0.007136,0.254183,0.742079,0.197465,-1.084321,0.069978,AD
1.393153,0.516135,4.818848,-0.339302,-2.189348,-3.00042,-1.720483,-0.012996,0.401052,AD
1.25018,0.526188,4.853289,-0.430205,-2.111247,-3.362523,-1.318039,1.228779,-0.49557,AD
-0.834121,2.597463,-1.778162,-0.377264,-1.572818,-0.706993,0.534834,-0.311241,0.081373,AD
0.184556,1.004632,0.348594,-6.277063,2.787001,0.445316,-1.807625,0.069976,0.803329,AD
-1.542715,2.873805,-0.691797,-0.032476,-0.598235,-0.351454,0.791967,-0.32,0.484159,AD
0.935349,-0.393811,1.059826,0.501566,0.766415,1.075725,0.192241,0.224996,0.66311,AD
1.170138,0.337496,0.997888,0.007136,0.254183,0.742079,0.197465,-1.084321,0.069978,AD
0.901255,1.286434,0.309061,-0.225871,-0.198486,0.211718,0.741069,-0.162809,-1.908768,AD
-0.834121,2.597463,-1.778162,-0.377264,-1.572818,-0.706993,0.534834,-0.311241,0.081373,AD
0.913821,0.383911,1.174403,-0.056146,0.467838,0.362416,0.701182,0.369396,-0.929983,AD
-1.685688,2.883858,-0.657356,-0.123378,-0.520134,-0.713557,1.194412,0.921776,-0.412463,AD
-0.834121,2.597463,-1.778162,-0.377264,-1.572818,-0.706993,0.534834,-0.311241,0.081373,AD
1.170138,0.337496,0.997888,0.007136,0.254183,0.742079,0.197465,-1.084321,0.069978,AD
0.52415,-0.375521,-0.04174,-0.049383,0.126249,0.440971,0.104847,0.687697,1.207341,AD
0.231178,0.568391,0.732873,-0.263191,0.357484,0.436536,0.24954,-0.812756,1.059378,AD
1.170138,0.337496,0.997888,0.007136,0.254183,0.742079,0.197465,-1.084321,0.069978,AD
-1.221958,2.737329,-1.229583,-0.228525,-1.068926,-0.62047,0.762902,-0.00625,0.058224,AD
1.056794,0.373858,1.139962,0.034756,0.389737,0.72452,0.298737,-0.872379,-0.033362,AD
-1.544854,2.874715,-0.688212,-0.031169,-0.595097,-0.34966,0.792161,-0.322091,0.486998,AD
-3.942888,4.805798,1.488206,2.812835,2.660652,1.494781,-3.259386,0.680375,0.175427,AD
0.627504,0.313956,-0.161163,0.460504,2.485822,-2.412575,0.648812,-0.173668,0.083381,AD
1.170138,0.337496,0.997888,0.007136,0.254183,0.742079,0.197465,-1.084321,0.069978,AD
-0.047978,0.673166,1.144317,-0.141723,0.730817,0.537771,0.382218,-0.704898,1.130528,AD
0.935349,-0.393811,1.059826,0.501566,0.766415,1.075725,0.192241,0.224996,0.66311,AD
1.512701,0.480693,4.680759,-0.358218,-2.324775,-2.954278,-1.849618,-0.315712,0.572307,AD
1.239032,-0.509141,0.60678,0.364689,0.356782,0.952793,0.05825,0.144358,0.556852,AD
1.349766,-0.570054,0.365349,0.248565,0.158503,0.728954,0.154044,0.628073,0.114602,AD
-2.132464,4.120918,-1.201865,2.00621,0.225523,0.787254,-4.078652,0.127021,-0.400929,AD
-2.344434,3.142194,0.358381,0.20219,0.389608,-0.369418,1.422458,0.874618,-0.007332,AD
-1.542715,2.873805,-0.691797,-0.032476,-0.598235,-0.351454,0.791967,-0.32,0.484159,AD
1.170138,0.337496,0.997888,0.007136,0.254183,0.742079,0.197465,-1.084321,0.069978,AD
0.344955,-0.299361,0.258362,0.059848,0.388989,0.590463,0.121729,0.514703,1.443497,AD
-2.629679,3.256086,0.806412,0.350291,0.7888,-0.201136,1.505637,0.798975,0.211521,AD
1.609026,0.404352,4.376338,-0.541229,-2.557825,-3.370673,-1.587161,0.740481,-0.312075,AD
-2.109667,3.035542,-0.06257,0.034954,0.027562,-0.630509,1.453056,1.288257,-0.463774,AD
1.027598,-0.48384,0.699891,0.266893,0.499344,0.516343,0.573371,1.696855,-0.545863,AD
1.170138,0.337496,0.997888,0.007136,0.254183,0.742079,0.197465,-1.084321,0.069978,AD